0 0 0 0 0 0 0 
0504 -23.2 2.2 29.3 0.6
0611 -12.3 3.3 11.5 1.8
0613 -13.0 0.7 10.8 0.5
7HLI -28.0 0.9 32.2 0.3
ALVA -31.2 2.0 36.4 1.8
C616 -16.6 1.4 19.5 1.3
CAUV -16.8 0.9 20.6 0.3
FIBR -12.6 0.6 11.7 0.2
GOUD -15.9 0.5 17.9 0.4
GRSY -30.8 1.4 38 1.3
LAMO -31.3 1.8 35 1.6
LASY -19.8 0.4 22.7 0.4
LOSP -30.9 1.3 35.2 1.3
MADC -27.6 1.3 30.6 1.3
NAPO -16.5 0.9 21.0 0.6
ORES -31.8 1.4 34 1.4
P807 -12.1 1.0 16.6 0.2
POSO -21.1 1.3 25.8 1.3
RUS1 -30.3 2.0 36.7 1.8
SAL2 -27.3 0.6 25.9 0.3
TWR2 -21.4 1.3 24.7 1.2
VNDP -31.7 1.2 35.6 1.2
