0504 -23.2 2.2 29.3 0.6	-119.838 35.003
0611 -12.3 3.3 11.5 1.8	-118.727 36.185
0613 -13.0 0.7 10.8 0.5	-119.259 35.819
7HLI -28.0 0.9 32.2 0.3	-120.3 34.96
ALVA -31.2 2.0 36.4 1.8	-120.617 34.593
C616 -16.6 1.4 19.5 1.3	-120.001 35.575
CAUV -16.8 0.9 20.6 0.3	-119.394 35.358
FIBR -12.6 0.6 11.7 0.2	-119.394 35.398
GOUD -15.9 0.5 17.9 0.4	-119.766 35.414
GRSY -30.8 1.4 38 1.3	-120.414 34.731
LAMO -31.3 1.8 35 1.6	-120.257 34.798
LASY -19.8 0.4 22.7 0.4	-119.957 35.441
LOSP -30.9 1.3 35.2 1.3	-120.606 34.894
MADC -27.6 1.3 30.6 1.3	-120.067 35.076
NAPO -16.5 0.9 21.0 0.6	-119.959 35.503
ORES -31.8 1.4 34 1.4	-120.279 34.739
P807 -12.1 1.0 16.6 0.2	-119.853 35.603
POSO -21.1 1.3 25.8 1.3	-120.113 35.52
RUS1 -30.3 2.0 36.7 1.8	-120.627 34.571
SAL2 -27.3 0.6 25.9 0.3	-119.902 35.133
TWR2 -21.4 1.3 24.7 1.2	-120.018 35.488
VNDP -31.7 1.2 35.6 1.2	-120.616 34.556
