1958   315.71    314.43
1958   317.45    315.15
1958   317.51    314.68
1958   315.87    315.20
1958   314.93    316.23
1958   313.21    316.12
1958   313.33    315.21
1958   314.67    315.43
1959   315.58    315.52
1959   316.49    315.83
1959   316.65    315.37
1959   317.72    315.41
1959   318.29    315.46
1959   318.15    316.00
1959   316.54    315.87
1959   314.79    316.10
1959   313.84    316.76
1959   313.33    316.35
1959   314.81    316.69
1959   315.58    316.35
1960   316.43    316.37
1960   316.98    316.33
1960   317.58    316.27
1960   319.03    316.69
1960   320.03    317.19
1960   319.58    317.44
1960   318.18    317.54
1960   315.90    317.24
1960   314.17    317.11
1960   313.83    316.85
1960   315.00    316.89
1960   316.19    316.96
1961   316.89    316.83
1961   317.70    317.05
1961   318.54    317.25
1961   319.48    317.15
1961   320.58    317.73
1961   319.77    317.60
1961   318.56    317.89
1961   316.79    318.10
1961   314.99    317.93
1961   315.31    318.34
1961   316.10    318.00
1961   317.01    317.78
1962   317.94    317.88
1962   318.55    317.89
1962   319.68    318.39
1962   320.57    318.24
1962   321.02    318.15
1962   320.62    318.45
1962   319.62    318.94
1962   317.40    318.72
1962   316.24    319.19
1962   315.42    318.46
1962   316.69    318.59
1962   317.70    318.47
1963   318.74    318.68
1963   319.07    318.41
1963   319.86    318.56
1963   321.38    319.04
1963   322.24    319.37
1963   321.49    319.30
1963   319.74    319.07
1963   317.77    319.09
1963   316.21    319.17
1963   315.99    319.04
1963   317.07    318.98
1963   318.35    319.13
1964   319.57    319.51
1964   322.25    319.37
1964   321.90    319.73
1964   320.44    319.79
1964   318.69    320.04
1964   316.71    319.68
1964   316.87    319.93
1964   317.68    319.59
1964   318.71    319.49
1965   319.44    319.38
1965   320.44    319.78
1965   320.89    319.58
1965   322.13    319.79
1965   322.17    319.28
1965   321.88    319.68
1965   321.21    320.53
1965   318.87    320.19
1965   317.82    320.79
1965   317.30    320.37
1965   318.87    320.79
1965   319.42    320.20
1966   320.62    320.56
1966   321.60    320.93
1966   322.39    321.08
1966   323.70    321.34
1966   324.08    321.18
1966   323.75    321.55
1966   322.37    321.69
1966   320.36    321.69
1966   318.64    321.62
1966   318.10    321.18
1966   319.78    321.71
1966   321.02    321.81
1967   322.33    322.27
1967   322.50    321.83
1967   323.03    321.72
1967   324.41    322.05
1967   325.00    322.09
1967   324.09    321.89
1967   322.54    321.86
1967   320.92    322.25
1967   319.25    322.25
1967   319.39    322.48
1967   320.73    322.66
1967   321.96    322.74
1968   322.57    322.51
1968   323.15    322.48
1968   323.89    322.55
1968   325.02    322.62
1968   325.57    322.66
1968   325.36    323.17
1968   324.14    323.48
1968   322.11    323.47
1968   320.33    323.34
1968   320.25    323.34
1968   321.32    323.26
1968   322.89    323.68
1969   324.00    323.94
1969   324.41    323.74
1969   325.63    324.31
1969   326.66    324.28
1969   327.38    324.46
1969   326.71    324.49
1969   325.88    325.19
1969   323.66    325.01
1969   322.38    325.39
1969   321.78    324.89
1969   322.85    324.80
1969   324.11    324.90
1970   325.06    325.00
1970   325.99    325.31
1970   326.93    325.60
1970   328.13    325.75
1970   328.08    325.15
1970   327.67    325.44
1970   326.34    325.65
1970   324.68    326.03
1970   323.10    326.12
1970   323.06    326.18
1970   324.01    325.96
1970   325.13    325.92
1971   326.17    326.11
1971   326.68    326.01
1971   327.18    325.85
1971   327.78    325.39
1971   328.93    325.99
1971   328.57    326.34
1971   327.36    326.67
1971   325.43    326.78
1971   323.36    326.39
1971   323.56    326.69
1971   324.80    326.75
1971   326.01    326.81
1972   326.77    326.71
1972   327.63    326.96
1972   327.75    326.39
1972   329.72    327.30
1972   330.07    327.12
1972   329.09    326.87
1972   328.04    327.38
1972   326.32    327.70
1972   324.84    327.89
1972   325.20    328.33
1972   326.50    328.46
1972   327.55    328.35
1973   328.55    328.49
1973   329.57    328.88
1973   330.30    328.97
1973   331.50    329.10
1973   332.48    329.52
1973   332.08    329.83
1973   330.87    330.18
1973   329.31    330.67
1973   327.52    330.57
1973   327.19    330.33
1973   328.17    330.13
1973   328.65    329.45
1974   329.36    329.30
1974   330.71    330.03
1974   331.49    330.14
1974   332.65    330.24
1974   333.10    330.13
1974   332.26    330.01
1974   331.18    330.49
1974   329.40    330.76
1974   327.44    330.50
1974   327.38    330.53
1974   328.46    330.44
1974   329.58    330.38
1975   330.41    330.35
1975   331.41    330.73
1975   332.04    330.70
1975   333.32    330.89
1975   333.98    331.00
1975   333.62    331.36
1975   331.91    331.21
1975   330.06    331.43
1975   328.56    331.63
1975   328.35    331.51
1975   329.50    331.48
1975   330.77    331.58
1976   331.76    331.70
1976   332.58    331.89
1976   333.50    332.13
1976   334.59    332.14
1976   334.89    331.91
1976   334.34    332.10
1976   333.06    332.39
1976   330.95    332.35
1976   329.31    332.40
1976   328.95    332.11
1976   330.32    332.30
1976   331.69    332.50
1977   332.94    332.88
1977   333.43    332.74
1977   334.71    333.36
1977   336.08    333.64
1977   336.76    333.76
1977   336.28    334.00
1977   334.93    334.23
1977   332.76    334.14
1977   331.60    334.69
1977   331.17    334.35
1977   332.41    334.40
1977   333.86    334.67
1978   334.98    334.92
1978   335.40    334.70
1978   336.65    335.29
1978   337.76    335.32
1978   338.02    335.02
1978   337.91    335.63
1978   336.55    335.85
1978   334.69    336.07
1978   332.77    335.86
1978   332.56    335.74
1978   333.93    335.93
1978   334.96    335.77
1979   336.24    336.18
1979   336.77    336.08
1979   337.97    336.61
1979   338.89    336.44
1979   339.48    336.47
1979   339.30    337.01
1979   337.74    337.04
1979   336.10    337.48
1979   333.93    337.03
1979   333.87    337.07
1979   335.30    337.30
1979   336.74    337.56
1980   338.03    337.97
1980   338.37    337.67
1980   340.09    338.70
1980   340.78    338.30
1980   341.48    338.47
1980   341.19    338.91
1980   339.57    338.89
1980   337.61    339.03
1980   335.90    339.02
1980   336.03    339.23
1980   337.12    339.12
1980   338.23    339.05
1981   339.25    339.19
1981   340.50    339.80
1981   341.40    340.03
1981   342.52    340.06
1981   342.93    339.90
1981   342.27    339.97
1981   340.50    339.79
1981   338.45    339.84
1981   336.71    339.83
1981   336.88    340.09
1981   338.38    340.39
1981   339.63    340.45
1982   340.77    340.71
1982   341.63    340.94
1982   342.72    341.34
1982   343.59    341.12
1982   344.16    341.12
1982   343.37    341.06
1982   342.07    341.36
1982   339.83    341.23
1982   338.00    341.13
1982   337.88    341.11
1982   339.28    341.30
1982   340.51    341.33
1983   341.40    341.33
1983   342.54    341.84
1983   343.12    341.74
1983   344.96    342.48
1983   345.77    342.73
1983   345.34    343.03
1983   344.00    343.28
1983   342.40    343.80
1983   339.89    343.02
1983   340.01    343.24
1983   341.16    343.18
1983   342.99    343.81
1984   343.82    343.76
1984   344.62    343.92
1984   345.38    343.98
1984   347.15    344.64
1984   347.52    344.47
1984   346.88    344.58
1984   345.47    344.78
1984   343.34    344.77
1984   341.13    344.29
1984   341.40    344.64
1984   343.02    345.04
1984   344.25    345.07
1985   344.99    344.93
1985   346.01    345.30
1985   347.43    346.05
1985   348.34    345.85
1985   348.92    345.86
1985   348.24    345.91
1985   346.54    345.82
1985   344.64    346.05
1985   343.06    346.21
1985   342.77    346.03
1985   344.21    346.25
1985   345.53    346.36
1986   346.28    346.21
1986   346.93    346.23
1986   347.83    346.44
1986   349.53    347.03
1986   350.19    347.12
1986   349.54    347.20
1986   347.92    347.20
1986   345.88    347.29
1986   344.83    348.00
1986   344.16    347.42
1986   345.64    347.68
1986   346.88    347.71
1987   348.00    347.94
1987   348.47    347.76
1987   349.41    348.01
1987   350.97    348.47
1987   351.84    348.76
1987   351.25    348.91
1987   349.50    348.77
1987   348.08    349.50
1987   346.44    349.61
1987   346.09    349.37
1987   347.54    349.59
1987   348.69    349.53
1988   350.16    350.10
1988   351.47    350.76
1988   351.96    350.53
1988   353.33    350.79
1988   353.97    350.88
1988   353.55    351.23
1988   352.14    351.44
1988   350.19    351.64
1988   348.50    351.69
1988   348.66    351.94
1988   349.85    351.89
1988   351.12    351.95
1989   352.55    352.48
1989   352.86    352.15
1989   353.48    352.08
1989   355.21    352.69
1989   355.47    352.37
1989   354.92    352.57
1989   353.70    352.97
1989   351.47    352.89
1989   349.61    352.80
1989   349.79    353.08
1989   351.10    353.15
1989   352.32    353.16
1990   353.46    353.40
1990   354.50    353.79
1990   355.19    353.78
1990   356.00    353.47
1990   356.96    353.86
1990   356.04    353.68
1990   354.62    353.89
1990   352.71    354.14
1990   350.77    353.98
1990   350.99    354.29
1990   352.64    354.70
1990   354.02    354.86
1991   354.53    354.46
1991   355.55    354.84
1991   356.96    355.55
1991   358.40    355.86
1991   359.14    356.02
1991   358.04    355.68
1991   355.98    355.24
1991   353.81    355.24
1991   351.95    355.16
1991   352.02    355.33
1991   353.55    355.62
1991   354.79    355.63
1992   355.79    355.72
1992   356.53    355.81
1992   357.61    356.17
1992   358.95    356.38
1992   359.46    356.34
1992   359.06    356.70
1992   356.82    356.12
1992   354.80    356.26
1992   352.81    356.03
1992   353.11    356.42
1992   353.96    356.03
1992   355.20    356.04
1993   356.50    356.44
1993   356.97    356.25
1993   358.18    356.76
1993   359.26    356.71
1993   360.08    356.95
1993   359.40    357.02
1993   357.38    356.64
1993   355.33    356.77
1993   353.50    356.73
1993   353.80    357.12
1993   355.15    357.23
1993   356.62    357.46
1994   358.19    358.12
1994   358.73    358.01
1994   359.79    358.37
1994   361.09    358.53
1994   361.51    358.38
1994   360.78    358.39
1994   359.38    358.64
1994   357.31    358.75
1994   355.68    358.92
1994   355.83    359.17
1994   357.42    359.51
1994   358.87    359.72
1995   359.81    359.74
1995   360.84    360.12
1995   361.48    360.06
1995   363.30    360.74
1995   363.64    360.50
1995   363.11    360.72
1995   361.74    361.00
1995   359.31    360.75
1995   357.91    361.16
1995   357.62    360.96
1995   359.42    361.52
1995   360.56    361.41
1996   361.91    361.84
1996   363.11    362.38
1996   363.89    362.43
1996   364.58    361.99
1996   365.29    362.13
1996   364.84    362.47
1996   363.52    362.81
1996   361.35    362.83
1996   359.32    362.58
1996   359.48    362.83
1996   360.64    362.73
1996   362.21    363.06
1997   363.06    363.00
1997   363.87    363.14
1997   364.44    363.01
1997   366.23    363.66
1997   366.68    363.51
1997   365.52    363.11
1997   364.36    363.61
1997   362.39    363.84
1997   360.08    363.34
1997   360.67    364.03
1997   362.32    364.43
1997   364.17    365.02
1998   365.22    365.15
1998   366.04    365.31
1998   367.20    365.77
1998   368.50    365.92
1998   369.19    366.01
1998   368.77    366.36
1998   367.53    366.78
1998   365.67    367.13
1998   363.80    367.07
1998   364.13    367.51
1998   365.36    367.47
1998   366.87    367.73
1999   368.05    367.99
1999   368.77    368.04
1999   369.49    368.05
1999   371.04    368.45
1999   370.90    367.72
1999   370.25    367.83
1999   369.17    368.42
1999   366.83    368.29
1999   364.54    367.82
1999   365.04    368.42
1999   366.58    368.70
1999   367.92    368.77
2000   369.05    368.98
2000   369.37    368.64
2000   370.42    368.95
2000   371.57    368.94
2000   371.74    368.55
2000   371.60    369.20
2000   370.02    369.30
2000   368.03    369.52
2000   366.53    369.83
2000   366.64    370.03
2000   368.20    370.32
2000   369.44    370.30
2001   370.20    370.13
2001   371.42    370.68
2001   372.04    370.59
2001   372.78    370.18
2001   373.94    370.74
2001   373.23    370.80
2001   371.54    370.79
2001   369.47    370.94
2001   367.88    371.18
2001   368.02    371.42
2001   369.60    371.73
2001   371.15    372.02
2002   372.36    372.29
2002   373.00    372.26
2002   373.44    371.99
2002   374.77    372.16
2002   375.48    372.27
2002   375.34    372.90
2002   373.95    373.19
2002   371.41    372.89
2002   370.63    373.94
2002   370.18    373.59
2002   372.01    374.14
2002   373.71    374.58
2003   374.61    374.55
2003   375.55    374.81
2003   376.04    374.58
2003   377.58    374.96
2003   378.28    375.06
2003   378.07    375.62
2003   376.54    375.79
2003   374.42    375.90
2003   372.92    376.23
2003   372.94    376.36
2003   374.29    376.43
2003   375.63    376.50
2004   376.73    376.66
2004   377.31    376.57
2004   378.33    376.85
2004   380.44    377.79
2004   380.56    377.33
2004   379.49    377.06
2004   377.70    376.98
2004   375.77    377.29
2004   373.99    377.33
2004   374.17    377.60
2004   375.79    377.93
2004   377.39    378.26
2005   378.29    378.22
2005   379.56    378.81
2005   380.07    378.61
2005   382.01    379.38
2005   382.21    378.97
2005   382.05    379.59
2005   380.63    379.87
2005   378.63    380.12
2005   376.39    379.72
2005   376.77    380.21
2005   378.27    380.42
2005   379.93    380.80
2006   381.33    381.27
2006   381.98    381.24
2006   382.53    381.06
2006   384.33    381.69
2006   384.89    381.65
2006   384.00    381.53
2006   382.25    381.49
2006   380.44    381.93
2006   378.77    382.11
2006   379.03    382.48
2006   380.11    382.27
2006   381.63    382.50
2007   382.55    382.48
2007   383.68    382.94
2007   384.31    382.84
2007   386.20    383.55
2007   386.38    383.13
2007   385.85    383.37
2007   384.42    383.65
2007   381.81    383.31
2007   380.83    384.18
2007   380.83    384.29
2007   382.32    384.49
2007   383.58    384.46
2008   385.04    384.97
2008   385.81    385.06
2008   385.80    384.30
2008   386.74    384.06
2008   388.48    385.22
2008   388.02    385.57
2008   386.22    385.49
2008   384.05    385.58
2008   383.05    386.42
2008   382.75    386.21
2008   383.98    386.14
2008   385.08    385.96
2009   386.63    386.56
2009   387.10    386.35
2009   388.50    387.02
2009   389.54    386.88
2009   390.15    386.88
2009   389.60    387.12
2009   388.05    387.28
2009   386.06    387.57
2009   384.64    388.01
2009   384.32    387.80
2009   386.05    388.22
2009   387.48    388.37
2010   388.55    388.48
2010   390.08    389.32
2010   391.02    389.54
2010   392.39    389.72
2010   393.24    389.96
2010   392.26    389.77
2010   390.35    389.57
2010   388.53    390.04
2010   386.85    390.23
2010   387.18    390.67
2010   388.69    390.87
2010   389.83    390.72
2011   391.33    391.26
2011   391.96    391.20
2011   392.49    391.00
2011   393.40    390.73
2011   394.33    391.04
2011   393.75    391.25
2011   392.64    391.87
2011   390.25    391.76
2011   389.05    392.44
2011   388.98    392.48
2011   390.30    392.48
2011   391.86    392.75
2012   393.13    393.07
2012   393.42    392.66
2012   394.43    392.91
2012   396.51    393.80
2012   396.96    393.66
2012   395.97    393.49
2012   394.60    393.86
2012   392.61    394.15
2012   391.20    394.61
2012   391.09    394.58
2012   393.03    395.21
2012   394.42    395.31
2013   395.69    395.63
2013   396.94    396.18
2013   397.36    395.86
2013   398.44    395.75
2013   400.06    396.76
2013   398.96    396.44
2013   397.45    396.68
2013   395.48    397.00
2013   393.47    396.88
2013   393.77    397.29
2013   395.27    397.47
2013   396.90    397.79
2014   398.01    397.94
2014   398.18    397.42
2014   399.56    398.06
2014   401.43    398.74
2014   401.98    398.67
2014   401.41    398.89
2014   399.17    398.39
2014   397.30    398.82
2014   395.49    398.90
2014   395.74    399.26
2014   397.32    399.52
2014   398.89    399.78
2015   399.94    399.88
2015   400.40    399.63
2015   401.60    400.10
2015   403.52    400.82
2015   404.03    400.71
2015   402.81    400.28
2015   401.54    400.75
2015   398.93    400.45
2015   397.43    400.85
2015   398.22    401.75
2015   400.17    402.38
2015   401.82    402.72
2016   402.57    402.50
2016   404.10    403.33
2016   404.79    403.26
2016   407.48    404.75
2016   407.60    404.26
2016   406.94    404.44
2016   404.43    403.68
2016   402.16    403.72
2016   400.94    404.39
2016   401.43    404.96
2016   403.57    405.78
2016   404.49    405.38
2017   406.00    405.93
2017   406.57    405.80
2017   406.99    405.48
2017   408.88    406.17
2017   409.84    406.50
2017   409.04    406.50
2017   407.14    406.36
2017   405.19    406.73
2017   403.20    406.64
2017   403.56    407.11
2017   405.10    407.32
2017   406.68    407.58
2018   407.98    407.91
2018   408.35    407.58
2018   409.21    407.70
2018   410.23    407.50
2018   411.23    407.88
2018   410.81    408.27
2018   408.83    408.05
2018   407.02    408.56
2018   405.53    408.98
2018   405.93    409.49
2018   408.05    410.28
2018   409.16    410.06
2019   410.85    410.78
2019   411.58    410.81
2019   411.90    410.38
2019   413.46    410.73
2019   414.75    411.40
2019   413.89    411.34
2019   411.79    411.00
2019   410.02    411.57
2019   408.48    411.94
2019   408.40    411.96
2019   410.16    412.39
2019   411.81    412.71
2020   413.32    413.25
2020   414.04    413.27
2020   414.44    412.89
2020   416.11    413.34
2020   417.16    413.79
2020   416.29    413.76
2020   414.43    413.67
2020   412.52    414.10
2020   411.17    414.65
2020   411.12    414.69
2020   412.89    415.12
2020   413.88    414.79
2021   415.15    415.08
2021   416.47    415.69
2021   417.10    415.57
2021   418.26    415.51
2021   418.95    415.57
2021   418.70    416.13
2021   416.66    415.87
2021   414.38    415.93
2021   412.93    416.41
2021   413.52    417.11
2021   414.81    417.06
2021   416.43    417.34
2022   418.01    417.94
2022   418.99    418.21
2022   418.45    416.92
2022   420.01    417.25
2022   420.78    417.39
2022   420.68    418.11
2022   418.71    417.92
2022   416.75    418.30
2022   415.42    418.91
2022   415.31    418.91
2022   417.03    419.27
2022   418.46    419.38
2023   419.13    419.06
2023   420.33    419.55
2023   420.51    418.97
2023   422.73    419.97
2023   423.78    420.39
2023   423.39    420.82
2023   421.62    420.83
2023   419.56    421.12
2023   418.06    421.56
2023   418.41    422.01
2023   420.11    422.37
2023   421.65    422.57
2024   422.62    422.55
2024   424.34    423.56
2024   425.22    423.65
2024   426.30    423.50
2024   426.70    423.30
2024   426.62    424.07
2024   425.40    424.63
2024   422.70    424.30
2024   421.60    425.11
2024   422.05    425.66
2024   423.61    425.87
2024   425.01    425.93
2025   426.42    426.35
2025   427.00    426.21
2025   427.73    426.19
2025   429.24    426.47
2025   430.21    426.80
2025   429.52    426.93
2025   427.56    426.76
