  1958.2027   315.71    314.43
  1958.2877   317.45    315.15
  1958.3699   317.51    314.68
  1958.5370   315.87    315.20
  1958.6219   314.93    316.23
  1958.7068   313.21    316.12
  1958.8740   313.33    315.21
  1958.9562   314.67    315.43
  1959.0411   315.58    315.52
  1959.1260   316.49    315.83
  1959.2027   316.65    315.37
  1959.2877   317.72    315.41
  1959.3699   318.29    315.46
  1959.4548   318.15    316.00
  1959.5370   316.54    315.87
  1959.6219   314.79    316.10
  1959.7068   313.84    316.76
  1959.7890   313.33    316.35
  1959.8740   314.81    316.69
  1959.9562   315.58    316.35
  1960.0410   316.43    316.37
  1960.1257   316.98    316.33
  1960.2049   317.58    316.27
  1960.2896   319.03    316.69
  1960.3716   320.03    317.19
  1960.4563   319.58    317.44
  1960.5383   318.18    317.54
  1960.6230   315.90    317.24
  1960.7077   314.17    317.11
  1960.7896   313.83    316.85
  1960.8743   315.00    316.89
  1960.9563   316.19    316.96
  1961.0411   316.89    316.83
  1961.1260   317.70    317.05
  1961.2027   318.54    317.25
  1961.2877   319.48    317.15
  1961.3699   320.58    317.73
  1961.4548   319.77    317.60
  1961.5370   318.56    317.89
  1961.6219   316.79    318.10
  1961.7068   314.99    317.93
  1961.7890   315.31    318.34
  1961.8740   316.10    318.00
  1961.9562   317.01    317.78
  1962.0411   317.94    317.88
  1962.1260   318.55    317.89
  1962.2027   319.68    318.39
  1962.2877   320.57    318.24
  1962.3699   321.02    318.15
  1962.4548   320.62    318.45
  1962.5370   319.62    318.94
  1962.6219   317.40    318.72
  1962.7068   316.24    319.19
  1962.7890   315.42    318.46
  1962.8740   316.69    318.59
  1962.9562   317.70    318.47
  1963.0411   318.74    318.68
  1963.1260   319.07    318.41
  1963.2027   319.86    318.56
  1963.2877   321.38    319.04
  1963.3699   322.24    319.37
  1963.4548   321.49    319.30
  1963.5370   319.74    319.07
  1963.6219   317.77    319.09
  1963.7068   316.21    319.17
  1963.7890   315.99    319.04
  1963.8740   317.07    318.98
  1963.9562   318.35    319.13
  1964.0410   319.57    319.51
  1964.3716   322.25    319.37
  1964.4563   321.90    319.73
  1964.5383   320.44    319.79
  1964.6230   318.69    320.04
  1964.7077   316.71    319.68
  1964.7896   316.87    319.93
  1964.8743   317.68    319.59
  1964.9563   318.71    319.49
  1965.0411   319.44    319.38
  1965.1260   320.44    319.78
  1965.2027   320.89    319.58
  1965.2877   322.13    319.79
  1965.3699   322.17    319.28
  1965.4548   321.88    319.68
  1965.5370   321.21    320.53
  1965.6219   318.87    320.19
  1965.7068   317.82    320.79
  1965.7890   317.30    320.37
  1965.8740   318.87    320.79
  1965.9562   319.42    320.20
  1966.0411   320.62    320.56
  1966.1260   321.60    320.93
  1966.2027   322.39    321.08
  1966.2877   323.70    321.34
  1966.3699   324.08    321.18
  1966.4548   323.75    321.55
  1966.5370   322.37    321.69
  1966.6219   320.36    321.69
  1966.7068   318.64    321.62
  1966.7890   318.10    321.18
  1966.8740   319.78    321.71
  1966.9562   321.02    321.81
  1967.0411   322.33    322.27
  1967.1260   322.50    321.83
  1967.2027   323.03    321.72
  1967.2877   324.41    322.05
  1967.3699   325.00    322.09
  1967.4548   324.09    321.89
  1967.5370   322.54    321.86
  1967.6219   320.92    322.25
  1967.7068   319.25    322.25
  1967.7890   319.39    322.48
  1967.8740   320.73    322.66
  1967.9562   321.96    322.74
  1968.0410   322.57    322.51
  1968.1257   323.15    322.48
  1968.2049   323.89    322.55
  1968.2896   325.02    322.62
  1968.3716   325.57    322.66
  1968.4563   325.36    323.17
  1968.5383   324.14    323.48
  1968.6230   322.11    323.47
  1968.7077   320.33    323.34
  1968.7896   320.25    323.34
  1968.8743   321.32    323.26
  1968.9563   322.89    323.68
  1969.0411   324.00    323.94
  1969.1260   324.41    323.74
  1969.2027   325.63    324.31
  1969.2877   326.66    324.28
  1969.3699   327.38    324.46
  1969.4548   326.71    324.49
  1969.5370   325.88    325.19
  1969.6219   323.66    325.01
  1969.7068   322.38    325.39
  1969.7890   321.78    324.89
  1969.8740   322.85    324.80
  1969.9562   324.11    324.90
  1970.0411   325.06    325.00
  1970.1260   325.99    325.31
  1970.2027   326.93    325.60
  1970.2877   328.13    325.75
  1970.3699   328.08    325.15
  1970.4548   327.67    325.44
  1970.5370   326.34    325.65
  1970.6219   324.68    326.03
  1970.7068   323.10    326.12
  1970.7890   323.06    326.18
  1970.8740   324.01    325.96
  1970.9562   325.13    325.92
  1971.0411   326.17    326.11
  1971.1260   326.68    326.01
  1971.2027   327.18    325.85
  1971.2877   327.78    325.39
  1971.3699   328.93    325.99
  1971.4548   328.57    326.34
  1971.5370   327.36    326.67
  1971.6219   325.43    326.78
  1971.7068   323.36    326.39
  1971.7890   323.56    326.69
  1971.8740   324.80    326.75
  1971.9562   326.01    326.81
  1972.0410   326.77    326.71
  1972.1257   327.63    326.96
  1972.2049   327.75    326.39
  1972.2896   329.72    327.30
  1972.3716   330.07    327.12
  1972.4563   329.09    326.87
  1972.5383   328.04    327.38
  1972.6230   326.32    327.70
  1972.7077   324.84    327.89
  1972.7896   325.20    328.33
  1972.8743   326.50    328.46
  1972.9563   327.55    328.35
  1973.0411   328.55    328.49
  1973.1260   329.57    328.88
  1973.2027   330.30    328.97
  1973.2877   331.50    329.10
  1973.3699   332.48    329.52
  1973.4548   332.08    329.83
  1973.5370   330.87    330.18
  1973.6219   329.31    330.67
  1973.7068   327.52    330.57
  1973.7890   327.19    330.33
  1973.8740   328.17    330.13
  1973.9562   328.65    329.45
  1974.0411   329.36    329.30
  1974.1260   330.71    330.03
  1974.2027   331.49    330.14
  1974.2877   332.65    330.24
  1974.3699   333.10    330.13
  1974.4548   332.26    330.01
  1974.5370   331.18    330.49
  1974.6219   329.40    330.76
  1974.7068   327.44    330.50
  1974.7890   327.38    330.53
  1974.8740   328.46    330.44
  1974.9562   329.58    330.38
  1975.0411   330.41    330.35
  1975.1260   331.41    330.73
  1975.2027   332.04    330.70
  1975.2877   333.32    330.89
  1975.3699   333.98    331.00
  1975.4548   333.62    331.36
  1975.5370   331.91    331.21
  1975.6219   330.06    331.43
  1975.7068   328.56    331.63
  1975.7890   328.35    331.51
  1975.8740   329.50    331.48
  1975.9562   330.77    331.58
  1976.0410   331.76    331.70
  1976.1257   332.58    331.89
  1976.2049   333.50    332.13
  1976.2896   334.59    332.14
  1976.3716   334.89    331.91
  1976.4563   334.34    332.10
  1976.5383   333.06    332.39
  1976.6230   330.95    332.35
  1976.7077   329.31    332.40
  1976.7896   328.95    332.11
  1976.8743   330.32    332.30
  1976.9563   331.69    332.50
  1977.0411   332.94    332.88
  1977.1260   333.43    332.74
  1977.2027   334.71    333.36
  1977.2877   336.08    333.64
  1977.3699   336.76    333.76
  1977.4548   336.28    334.00
  1977.5370   334.93    334.23
  1977.6219   332.76    334.14
  1977.7068   331.60    334.69
  1977.7890   331.17    334.35
  1977.8740   332.41    334.40
  1977.9562   333.86    334.67
  1978.0411   334.98    334.92
  1978.1260   335.40    334.70
  1978.2027   336.65    335.29
  1978.2877   337.76    335.32
  1978.3699   338.02    335.02
  1978.4548   337.91    335.63
  1978.5370   336.55    335.85
  1978.6219   334.69    336.07
  1978.7068   332.77    335.86
  1978.7890   332.56    335.74
  1978.8740   333.93    335.93
  1978.9562   334.96    335.77
  1979.0411   336.24    336.18
  1979.1260   336.77    336.08
  1979.2027   337.97    336.61
  1979.2877   338.89    336.44
  1979.3699   339.48    336.47
  1979.4548   339.30    337.01
  1979.5370   337.74    337.04
  1979.6219   336.10    337.48
  1979.7068   333.93    337.03
  1979.7890   333.87    337.07
  1979.8740   335.30    337.30
  1979.9562   336.74    337.56
  1980.0410   338.03    337.97
  1980.1257   338.37    337.67
  1980.2049   340.09    338.70
  1980.2896   340.78    338.30
  1980.3716   341.48    338.47
  1980.4563   341.19    338.91
  1980.5383   339.57    338.89
  1980.6230   337.61    339.03
  1980.7077   335.90    339.02
  1980.7896   336.03    339.23
  1980.8743   337.12    339.12
  1980.9563   338.23    339.05
  1981.0411   339.25    339.19
  1981.1260   340.50    339.80
  1981.2027   341.40    340.03
  1981.2877   342.52    340.06
  1981.3699   342.93    339.90
  1981.4548   342.27    339.97
  1981.5370   340.50    339.79
  1981.6219   338.45    339.84
  1981.7068   336.71    339.83
  1981.7890   336.88    340.09
  1981.8740   338.38    340.39
  1981.9562   339.63    340.45
  1982.0411   340.77    340.71
  1982.1260   341.63    340.94
  1982.2027   342.72    341.34
  1982.2877   343.59    341.12
  1982.3699   344.16    341.12
  1982.4548   343.37    341.06
  1982.5370   342.07    341.36
  1982.6219   339.83    341.23
  1982.7068   338.00    341.13
  1982.7890   337.88    341.11
  1982.8740   339.28    341.30
  1982.9562   340.51    341.33
  1983.0411   341.40    341.33
  1983.1260   342.54    341.84
  1983.2027   343.12    341.74
  1983.2877   344.96    342.48
  1983.3699   345.77    342.73
  1983.4548   345.34    343.03
  1983.5370   344.00    343.28
  1983.6219   342.40    343.80
  1983.7068   339.89    343.02
  1983.7890   340.01    343.24
  1983.8740   341.16    343.18
  1983.9562   342.99    343.81
  1984.0410   343.82    343.76
  1984.1257   344.62    343.92
  1984.2049   345.38    343.98
  1984.2896   347.15    344.64
  1984.3716   347.52    344.47
  1984.4563   346.88    344.58
  1984.5383   345.47    344.78
  1984.6230   343.34    344.77
  1984.7077   341.13    344.29
  1984.7896   341.40    344.64
  1984.8743   343.02    345.04
  1984.9563   344.25    345.07
  1985.0411   344.99    344.93
  1985.1260   346.01    345.30
  1985.2027   347.43    346.05
  1985.2877   348.34    345.85
  1985.3699   348.92    345.86
  1985.4548   348.24    345.91
  1985.5370   346.54    345.82
  1985.6219   344.64    346.05
  1985.7068   343.06    346.21
  1985.7890   342.77    346.03
  1985.8740   344.21    346.25
  1985.9562   345.53    346.36
  1986.0411   346.28    346.21
  1986.1260   346.93    346.23
  1986.2027   347.83    346.44
  1986.2877   349.53    347.03
  1986.3699   350.19    347.12
  1986.4548   349.54    347.20
  1986.5370   347.92    347.20
  1986.6219   345.88    347.29
  1986.7068   344.83    348.00
  1986.7890   344.16    347.42
  1986.8740   345.64    347.68
  1986.9562   346.88    347.71
  1987.0411   348.00    347.94
  1987.1260   348.47    347.76
  1987.2027   349.41    348.01
  1987.2877   350.97    348.47
  1987.3699   351.84    348.76
  1987.4548   351.25    348.91
  1987.5370   349.50    348.77
  1987.6219   348.08    349.50
  1987.7068   346.44    349.61
  1987.7890   346.09    349.37
  1987.8740   347.54    349.59
  1987.9562   348.69    349.53
  1988.0410   350.16    350.10
  1988.1257   351.47    350.76
  1988.2049   351.96    350.53
  1988.2896   353.33    350.79
  1988.3716   353.97    350.88
  1988.4563   353.55    351.23
  1988.5383   352.14    351.44
  1988.6230   350.19    351.64
  1988.7077   348.50    351.69
  1988.7896   348.66    351.94
  1988.8743   349.85    351.89
  1988.9563   351.12    351.95
  1989.0411   352.55    352.48
  1989.1260   352.86    352.15
  1989.2027   353.48    352.08
  1989.2877   355.21    352.69
  1989.3699   355.47    352.37
  1989.4548   354.92    352.57
  1989.5370   353.70    352.97
  1989.6219   351.47    352.89
  1989.7068   349.61    352.80
  1989.7890   349.79    353.08
  1989.8740   351.10    353.15
  1989.9562   352.32    353.16
  1990.0411   353.46    353.40
  1990.1260   354.50    353.79
  1990.2027   355.19    353.78
  1990.2877   356.00    353.47
  1990.3699   356.96    353.86
  1990.4548   356.04    353.68
  1990.5370   354.62    353.89
  1990.6219   352.71    354.14
  1990.7068   350.77    353.98
  1990.7890   350.99    354.29
  1990.8740   352.64    354.70
  1990.9562   354.02    354.86
  1991.0411   354.53    354.46
  1991.1260   355.55    354.84
  1991.2027   356.96    355.55
  1991.2877   358.40    355.86
  1991.3699   359.14    356.02
  1991.4548   358.04    355.68
  1991.5370   355.98    355.24
  1991.6219   353.81    355.24
  1991.7068   351.95    355.16
  1991.7890   352.02    355.33
  1991.8740   353.55    355.62
  1991.9562   354.79    355.63
  1992.0410   355.79    355.72
  1992.1257   356.53    355.81
  1992.2049   357.61    356.17
  1992.2896   358.95    356.38
  1992.3716   359.46    356.34
  1992.4563   359.06    356.70
  1992.5383   356.82    356.12
  1992.6230   354.80    356.26
  1992.7077   352.81    356.03
  1992.7896   353.11    356.42
  1992.8743   353.96    356.03
  1992.9563   355.20    356.04
  1993.0411   356.50    356.44
  1993.1260   356.97    356.25
  1993.2027   358.18    356.76
  1993.2877   359.26    356.71
  1993.3699   360.08    356.95
  1993.4548   359.40    357.02
  1993.5370   357.38    356.64
  1993.6219   355.33    356.77
  1993.7068   353.50    356.73
  1993.7890   353.80    357.12
  1993.8740   355.15    357.23
  1993.9562   356.62    357.46
  1994.0411   358.19    358.12
  1994.1260   358.73    358.01
  1994.2027   359.79    358.37
  1994.2877   361.09    358.53
  1994.3699   361.51    358.38
  1994.4548   360.78    358.39
  1994.5370   359.38    358.64
  1994.6219   357.31    358.75
  1994.7068   355.68    358.92
  1994.7890   355.83    359.17
  1994.8740   357.42    359.51
  1994.9562   358.87    359.72
  1995.0411   359.81    359.74
  1995.1260   360.84    360.12
  1995.2027   361.48    360.06
  1995.2877   363.30    360.74
  1995.3699   363.64    360.50
  1995.4548   363.11    360.72
  1995.5370   361.74    361.00
  1995.6219   359.31    360.75
  1995.7068   357.91    361.16
  1995.7890   357.62    360.96
  1995.8740   359.42    361.52
  1995.9562   360.56    361.41
  1996.0410   361.91    361.84
  1996.1257   363.11    362.38
  1996.2049   363.89    362.43
  1996.2896   364.58    361.99
  1996.3716   365.29    362.13
  1996.4563   364.84    362.47
  1996.5383   363.52    362.81
  1996.6230   361.35    362.83
  1996.7077   359.32    362.58
  1996.7896   359.48    362.83
  1996.8743   360.64    362.73
  1996.9563   362.21    363.06
  1997.0411   363.06    363.00
  1997.1260   363.87    363.14
  1997.2027   364.44    363.01
  1997.2877   366.23    363.66
  1997.3699   366.68    363.51
  1997.4548   365.52    363.11
  1997.5370   364.36    363.61
  1997.6219   362.39    363.84
  1997.7068   360.08    363.34
  1997.7890   360.67    364.03
  1997.8740   362.32    364.43
  1997.9562   364.17    365.02
  1998.0411   365.22    365.15
  1998.1260   366.04    365.31
  1998.2027   367.20    365.77
  1998.2877   368.50    365.92
  1998.3699   369.19    366.01
  1998.4548   368.77    366.36
  1998.5370   367.53    366.78
  1998.6219   365.67    367.13
  1998.7068   363.80    367.07
  1998.7890   364.13    367.51
  1998.8740   365.36    367.47
  1998.9562   366.87    367.73
  1999.0411   368.05    367.99
  1999.1260   368.77    368.04
  1999.2027   369.49    368.05
  1999.2877   371.04    368.45
  1999.3699   370.90    367.72
  1999.4548   370.25    367.83
  1999.5370   369.17    368.42
  1999.6219   366.83    368.29
  1999.7068   364.54    367.82
  1999.7890   365.04    368.42
  1999.8740   366.58    368.70
  1999.9562   367.92    368.77
  2000.0410   369.05    368.98
  2000.1257   369.37    368.64
  2000.2049   370.42    368.95
  2000.2896   371.57    368.94
  2000.3716   371.74    368.55
  2000.4563   371.60    369.20
  2000.5383   370.02    369.30
  2000.6230   368.03    369.52
  2000.7077   366.53    369.83
  2000.7896   366.64    370.03
  2000.8743   368.20    370.32
  2000.9563   369.44    370.30
  2001.0411   370.20    370.13
  2001.1260   371.42    370.68
  2001.2027   372.04    370.59
  2001.2877   372.78    370.18
  2001.3699   373.94    370.74
  2001.4548   373.23    370.80
  2001.5370   371.54    370.79
  2001.6219   369.47    370.94
  2001.7068   367.88    371.18
  2001.7890   368.02    371.42
  2001.8740   369.60    371.73
  2001.9562   371.15    372.02
  2002.0411   372.36    372.29
  2002.1260   373.00    372.26
  2002.2027   373.44    371.99
  2002.2877   374.77    372.16
  2002.3699   375.48    372.27
  2002.4548   375.34    372.90
  2002.5370   373.95    373.19
  2002.6219   371.41    372.89
  2002.7068   370.63    373.94
  2002.7890   370.18    373.59
  2002.8740   372.01    374.14
  2002.9562   373.71    374.58
  2003.0411   374.61    374.55
  2003.1260   375.55    374.81
  2003.2027   376.04    374.58
  2003.2877   377.58    374.96
  2003.3699   378.28    375.06
  2003.4548   378.07    375.62
  2003.5370   376.54    375.79
  2003.6219   374.42    375.90
  2003.7068   372.92    376.23
  2003.7890   372.94    376.36
  2003.8740   374.29    376.43
  2003.9562   375.63    376.50
  2004.0410   376.73    376.66
  2004.1257   377.31    376.57
  2004.2049   378.33    376.85
  2004.2896   380.44    377.79
  2004.3716   380.56    377.33
  2004.4563   379.49    377.06
  2004.5383   377.70    376.98
  2004.6230   375.77    377.29
  2004.7077   373.99    377.33
  2004.7896   374.17    377.60
  2004.8743   375.79    377.93
  2004.9563   377.39    378.26
  2005.0411   378.29    378.22
  2005.1260   379.56    378.81
  2005.2027   380.07    378.61
  2005.2877   382.01    379.38
  2005.3699   382.21    378.97
  2005.4548   382.05    379.59
  2005.5370   380.63    379.87
  2005.6219   378.63    380.12
  2005.7068   376.39    379.72
  2005.7890   376.77    380.21
  2005.8740   378.27    380.42
  2005.9562   379.93    380.80
  2006.0411   381.33    381.27
  2006.1260   381.98    381.24
  2006.2027   382.53    381.06
  2006.2877   384.33    381.69
  2006.3699   384.89    381.65
  2006.4548   384.00    381.53
  2006.5370   382.25    381.49
  2006.6219   380.44    381.93
  2006.7068   378.77    382.11
  2006.7890   379.03    382.48
  2006.8740   380.11    382.27
  2006.9562   381.63    382.50
  2007.0411   382.55    382.48
  2007.1260   383.68    382.94
  2007.2027   384.31    382.84
  2007.2877   386.20    383.55
  2007.3699   386.38    383.13
  2007.4548   385.85    383.37
  2007.5370   384.42    383.65
  2007.6219   381.81    383.31
  2007.7068   380.83    384.18
  2007.7890   380.83    384.29
  2007.8740   382.32    384.49
  2007.9562   383.58    384.46
  2008.0410   385.04    384.97
  2008.1257   385.81    385.06
  2008.2049   385.80    384.30
  2008.2896   386.74    384.06
  2008.3716   388.48    385.22
  2008.4563   388.02    385.57
  2008.5383   386.22    385.49
  2008.6230   384.05    385.58
  2008.7077   383.05    386.42
  2008.7896   382.75    386.21
  2008.8743   383.98    386.14
  2008.9563   385.08    385.96
  2009.0411   386.63    386.56
  2009.1260   387.10    386.35
  2009.2027   388.50    387.02
  2009.2877   389.54    386.88
  2009.3699   390.15    386.88
  2009.4548   389.60    387.12
  2009.5370   388.05    387.28
  2009.6219   386.06    387.57
  2009.7068   384.64    388.01
  2009.7890   384.32    387.80
  2009.8740   386.05    388.22
  2009.9562   387.48    388.37
  2010.0411   388.55    388.48
  2010.1260   390.08    389.32
  2010.2027   391.02    389.54
  2010.2877   392.39    389.72
  2010.3699   393.24    389.96
  2010.4548   392.26    389.77
  2010.5370   390.35    389.57
  2010.6219   388.53    390.04
  2010.7068   386.85    390.23
  2010.7890   387.18    390.67
  2010.8740   388.69    390.87
  2010.9562   389.83    390.72
  2011.0411   391.33    391.26
  2011.1260   391.96    391.20
  2011.2027   392.49    391.00
  2011.2877   393.40    390.73
  2011.3699   394.33    391.04
  2011.4548   393.75    391.25
  2011.5370   392.64    391.87
  2011.6219   390.25    391.76
  2011.7068   389.05    392.44
  2011.7890   388.98    392.48
  2011.8740   390.30    392.48
  2011.9562   391.86    392.75
  2012.0410   393.13    393.07
  2012.1257   393.42    392.66
  2012.2049   394.43    392.91
  2012.2896   396.51    393.80
  2012.3716   396.96    393.66
  2012.4563   395.97    393.49
  2012.5383   394.60    393.86
  2012.6230   392.61    394.15
  2012.7077   391.20    394.61
  2012.7896   391.09    394.58
  2012.8743   393.03    395.21
  2012.9563   394.42    395.31
  2013.0411   395.69    395.63
  2013.1260   396.94    396.18
  2013.2027   397.36    395.86
  2013.2877   398.44    395.75
  2013.3699   400.06    396.76
  2013.4548   398.96    396.44
  2013.5370   397.45    396.68
  2013.6219   395.48    397.00
  2013.7068   393.47    396.88
  2013.7890   393.77    397.29
  2013.8740   395.27    397.47
  2013.9562   396.90    397.79
  2014.0411   398.01    397.94
  2014.1260   398.18    397.42
  2014.2027   399.56    398.06
  2014.2877   401.43    398.74
  2014.3699   401.98    398.67
  2014.4548   401.41    398.89
  2014.5370   399.17    398.39
  2014.6219   397.30    398.82
  2014.7068   395.49    398.90
  2014.7890   395.74    399.26
  2014.8740   397.32    399.52
  2014.9562   398.89    399.78
  2015.0411   399.94    399.88
  2015.1260   400.40    399.63
  2015.2027   401.60    400.10
  2015.2877   403.52    400.82
  2015.3699   404.03    400.71
  2015.4548   402.81    400.28
  2015.5370   401.54    400.75
  2015.6219   398.93    400.45
  2015.7068   397.43    400.85
  2015.7890   398.22    401.75
  2015.8740   400.17    402.38
  2015.9562   401.82    402.72
  2016.0410   402.57    402.50
  2016.1257   404.10    403.33
  2016.2049   404.79    403.26
  2016.2896   407.48    404.75
  2016.3716   407.60    404.26
  2016.4563   406.94    404.44
  2016.5383   404.43    403.68
  2016.6230   402.16    403.72
  2016.7077   400.94    404.39
  2016.7896   401.43    404.96
  2016.8743   403.57    405.78
  2016.9563   404.49    405.38
  2017.0411   406.00    405.93
  2017.1260   406.57    405.80
  2017.2027   406.99    405.48
  2017.2877   408.88    406.17
  2017.3699   409.84    406.50
  2017.4548   409.04    406.50
  2017.5370   407.14    406.36
  2017.6219   405.19    406.73
  2017.7068   403.20    406.64
  2017.7890   403.56    407.11
  2017.8740   405.10    407.32
  2017.9562   406.68    407.58
  2018.0411   407.98    407.91
  2018.1260   408.35    407.58
  2018.2027   409.21    407.70
  2018.2877   410.23    407.50
  2018.3699   411.23    407.88
  2018.4548   410.81    408.27
  2018.5370   408.83    408.05
  2018.6219   407.02    408.56
  2018.7068   405.53    408.98
  2018.7890   405.93    409.49
  2018.8740   408.05    410.28
  2018.9562   409.16    410.06
  2019.0411   410.85    410.78
  2019.1260   411.58    410.81
  2019.2027   411.90    410.38
  2019.2877   413.46    410.73
  2019.3699   414.75    411.40
  2019.4548   413.89    411.34
  2019.5370   411.79    411.00
  2019.6219   410.02    411.57
  2019.7068   408.48    411.94
  2019.7890   408.40    411.96
  2019.8740   410.16    412.39
  2019.9562   411.81    412.71
  2020.0410   413.32    413.25
  2020.1257   414.04    413.27
  2020.2049   414.44    412.89
  2020.2896   416.11    413.34
  2020.3716   417.16    413.79
  2020.4563   416.29    413.76
  2020.5383   414.43    413.67
  2020.6230   412.52    414.10
  2020.7077   411.17    414.65
  2020.7896   411.12    414.69
  2020.8743   412.89    415.12
  2020.9563   413.88    414.79
  2021.0411   415.15    415.08
  2021.1260   416.47    415.69
  2021.2027   417.10    415.57
  2021.2877   418.26    415.51
  2021.3699   418.95    415.57
  2021.4548   418.70    416.13
  2021.5370   416.66    415.87
  2021.6219   414.38    415.93
  2021.7068   412.93    416.41
  2021.7890   413.52    417.11
  2021.8740   414.81    417.06
  2021.9562   416.43    417.34
  2022.0411   418.01    417.94
  2022.1260   418.99    418.21
  2022.2027   418.45    416.92
  2022.2877   420.01    417.25
  2022.3699   420.78    417.39
  2022.4548   420.68    418.11
  2022.5370   418.71    417.92
  2022.6219   416.75    418.30
  2022.7068   415.42    418.91
  2022.7890   415.31    418.91
  2022.8740   417.03    419.27
  2022.9562   418.46    419.38
  2023.0411   419.13    419.06
  2023.1260   420.33    419.55
  2023.2027   420.51    418.97
  2023.2877   422.73    419.97
  2023.3699   423.78    420.39
  2023.4548   423.39    420.82
  2023.5370   421.62    420.83
  2023.6219   419.56    421.12
  2023.7068   418.06    421.56
  2023.7890   418.41    422.01
  2023.8740   420.11    422.37
  2023.9562   421.65    422.57
  2024.0410   422.62    422.55
  2024.1257   424.34    423.56
  2024.2049   425.22    423.65
  2024.2896   426.30    423.50
  2024.3716   426.70    423.30
  2024.4563   426.62    424.07
  2024.5383   425.40    424.63
  2024.6230   422.70    424.30
  2024.7077   421.60    425.11
  2024.7896   422.05    425.66
  2024.8743   423.61    425.87
  2024.9563   425.01    425.93
  2025.0411   426.42    426.35
  2025.1260   427.00    426.21
  2025.2027   427.73    426.19
  2025.2877   429.24    426.47
  2025.3699   430.21    426.80
  2025.4548   429.52    426.93
  2025.5370   427.56    426.76
